201179	1
201138	1
201137	1
201400	1
201182	1
201403	1
201314	1
201330	1
201331	1
201312	1
201390	1
201395	1
201316	1
201407	1
201886	1
201733	1
201420	1
201584	1
201436	1
201432	0
201427	1
201885	1
201958	1
201889	1
201734	1
201421	1
201417	1
201544	1
201946	1
201942	1
201411	1
201446	1
201578	1
201408	1
201439	1
201545	1
202337	1
203126	1
202891	1
202907	1
202439	1
202451	1
202340	1
202343	1
203325	1
202306	1
202227	1
208186	1
202324	1
202596	1
202593	1
203304	0
203558	1
208187	1
202291	1
202338	1
202326	1
202457	1
202440	1
202222	1
203127	1
208185	1
201961	1
208768	1
211419	1
219635	1
221174	1
213849	0
211535	1
211921	1
221363	1
208977	1
211901	1
208202	1
211640	1
208558	1
213623	1
221558	1
208866	1
208897	1
211550	1
211423	1
211426	1
219765	1
208213	1
211715	1
220979	1
211995	1
216543	1
220041	1
218134	1
220101	1
221606	1
219350	1
218098	1
221301	1
208613	1
211974	1
208683	1
218702	1
214888	1
216657	1
209003	1
214369	1
218444	1
209363	1
221233	1
218494	1
217848	1
208863	1
213973	1
213992	1
215775	1
212001	1
209055	1
215569	0
209342	1
208915	1
213993	1
221171	1
211838	1
219254	1
208692	1
211547	1
211830	1
216193	1
214538	0
215333	1
208192	1
211871	1
211567	1
208881	1
219743	1
211675	1
208735	1
209341	1
221311	1
212401	1
221169	1
214897	1
221526	1
215654	0
212010	1
209343	1
213985	1
212091	1
217965	0
218099	1
208920	1
208540	1
216774	0
211691	1
208950	1
209041	1
208591	1
217921	1
214656	1
220983	1
208928	1
211693	1
208769	1
209064	1
208603	1
221411	1
213123	1
208583	1
208607	1
211569	1
221272	1
221048	1
211557	1
215932	0
211582	1
211716	1
208718	1
211601	1
211922	1
213958	1
211760	1
208824	1
208873	1
209084	1
214026	0
211520	1
216241	0
216040	0
215065	1
211811	1
211777	1
219362	1
211523	1
211791	1
221237	1
208546	1
211742	1
208196	1
211965	1
220623	0
212416	1
211736	1
208941	1
211950	1
220212	1
221576	1
211690	1
220392	1
216755	0
217814	1
209104	1
208622	1
208730	1
219363	1
208573	1
216283	0
209600	1
208935	1
209013	1
211968	1
211975	1
209111	1
221179	1
208628	1
211841	1
213971	1
208602	1
209032	1
211639	1
208787	1
211696	1
212406	1
221402	1
218109	1
216136	0
212245	1
211554	1
211545	1
209057	1
216456	1
211574	1
208813	1
209016	1
211719	1
211785	1
208905	1
211491	1
219516	1
211847	1
221060	1
211752	1
208727	1
213175	1
214524	1
211644	0
213635	1
211726	1
215191	1
218785	1
211807	1
213997	1
208880	1
209004	1
211779	1
211934	1
211617	1
212413	1
208774	1
219956	0
208747	1
211798	1
221454	1
218552	1
216520	1
220504	1
211534	1
211663	1
211758	1
209151	1
211863	1
221315	1
214070	1
215010	1
216734	0
208715	1
211546	1
209350	1
218801	1
220738	1
208916	1
211913	1
214313	1
211873	1
220740	1
214094	1
208731	1
208734	1
211835	1
212103	1
208720	1
211500	1
220316	1
212075	0
216174	1
221312	1
211920	1
219557	0
214662	1
221280	1
211482	1
219668	1
211748	1
212039	1
208895	1
212032	1
221264	1
212236	1
216441	1
212405	1
216000	1
211905	1
211418	1
220971	1
208879	1
209060	1
215327	1
208211	1
220248	1
211981	1
209030	1
211493	1
208572	1
216205	0
211755	1
211702	1
218509	1
219317	0
211498	1
214898	1
211616	1
215742	1
220524	1
215645	0
216521	1
216658	1
208198	1
209240	1
221395	1
220253	0
211932	1
215793	1
208596	1
219871	0
219433	1
216151	0
215131	1
221293	1
208802	1
208785	1
211933	1
208809	1
211449	1
212080	1
208600	1
219545	0
211874	1
218010	1
211796	1
211504	1
221367	1
220704	1
212400	1
211945	1
211776	1
208706	1
209045	1
212081	1
220985	1
208771	1
211970	1
208874	1
221063	1
209449	1
215568	0
211994	1
219342	1
208605	1
217980	1
215313	1
211625	1
213619	1
211667	1
208926	1
211703	1
208206	1
211973	1
211499	1
214923	1
221284	1
211834	1
212060	1
211850	1
220071	1
208772	1
211700	1
214979	1
211826	1
209358	1
211636	1
208551	1
209048	1
208943	1
208549	1
218146	1
212095	1
211724	1
208705	1
209031	1
211801	1
211659	1
208745	1
219358	0
219492	0
211889	1
221168	1
220002	1
211722	1
221184	1
211903	1
208191	1
209014	1
208934	1
215982	0
221559	1
211883	1
221271	1
215640	1
211926	1
215064	0
209062	1
221027	1
215762	1
208995	1
213632	1
214401	1
208609	1
209293	1
219873	0
211927	1
211774	1
211872	1
208557	1
219543	0
208737	1
215054	0
208567	1
209044	1
214112	1
211985	1
218156	1
216392	0
214217	1
211822	1
211425	1
219960	1
211660	1
209038	1
208804	1
221139	1
221490	1
209035	1
212404	1
208932	1
211600	1
209008	1
208860	1
211907	1
214085	0
221364	1
209050	1
211552	1
211954	1
208552	1
208197	1
212023	1
216208	1
211705	1
221285	1
211549	0
215632	0
208953	1
209085	1
211577	1
218831	1
215550	0
209007	1
219666	1
217827	1
217917	1
218129	1
211959	1
211598	1
211772	1
208194	1
221351	1
221128	1
208203	1
211563	1
214767	0
208806	1
212000	1
209391	1
211435	1
208595	1
211725	1
208579	1
216194	0
211502	1
221479	1
208823	1
211896	1
211543	0
213636	1
211634	1
208945	1
221046	1
208538	1
221568	1
209033	1
211746	1
211536	1
211924	1
219287	0
211851	1
211510	1
208819	1
219776	1
218002	1
221478	1
219334	1
214062	0
213957	1
211613	1
212426	1
208580	1
216157	1
221557	1
221067	1
211570	1
220747	1
216483	0
208561	1
212009	1
208562	1
215369	0
208710	1
208740	1
208862	1
208948	1
220280	0
211695	1
213628	1
215044	0
209254	1
208883	1
211508	1
209051	1
208904	1
208805	1
208817	1
221268	1
209011	1
221462	1
211689	1
219499	1
208696	1
221150	1
216401	1
208598	1
213646	1
220833	0
215794	0
208699	1
209386	1
217872	1
219778	1
220993	0
208927	1
208997	1
211911	1
211612	1
209237	1
208623	1
208578	1
212005	1
217963	1
221486	1
211708	1
220468	1
208811	1
208748	1
211584	1
211647	1
209012	1
211809	1
208878	1
215055	0
211532	1
211955	1
221254	1
220430	1
220172	1
221378	1
208911	1
208864	1
214413	1
220883	1
208215	1
208979	1
221403	1
209015	1
215705	1
212914	1
211805	1
212022	1
214466	1
208776	1
211900	1
208711	1
215631	1
211949	1
211820	1
208801	1
211813	1
221591	1
209040	1
221497	1
211729	1
208795	1
219781	1
221550	1
208779	1
209148	1
221303	1
218754	1
211713	1
209233	1
208903	1
211672	1
217813	1
221614	1
219760	1
221026	1
208942	1
208694	1
221369	1
208939	1
212014	1
211979	1
211923	1
208601	1
208951	1
209056	1
216261	0
218155	0
215548	1
211818	1
211815	1
212088	1
216458	0
211623	1
214794	1
214833	1
215196	1
208952	1
213875	1
211787	1
211665	1
221085	1
221073	1
208627	1
216038	0
211515	0
213621	1
209034	1
213641	1
211753	1
209375	1
209009	1
209374	1
220037	1
211531	1
211621	1
216499	1
209197	1
219600	1
209089	1
220505	0
212097	0
208703	1
211880	1
217995	1
220220	0
221487	1
208899	1
211548	0
214907	1
208536	1
215311	0
221304	1
209235	1
215897	0
209132	1
214519	1
221347	1
211568	1
208548	1
209028	1
221385	1
208796	1
211991	1
211437	1
209023	1
209017	1
208208	1
209037	1
211488	1
221603	0
208608	0
219555	1
211518	1
208778	1
211770	1
213634	1
219720	1
211631	1
211516	0
211943	1
221140	1
211897	1
220703	0
214091	0
211578	1
209000	1
209024	1
221350	1
208949	1
208728	1
211848	1
211892	1
209036	1
208542	1
211909	1
208597	1
208555	1
208588	1
217702	1
211718	1
211524	1
216386	1
215312	1
208808	1
221588	0
211977	1
216548	1
221371	1
208861	1
211651	1
215058	0
212421	1
220444	1
221089	1
211653	1
211879	1
211845	1
211799	1
221068	1
220977	1
211632	1
208736	1
221386	1
211607	1
211734	1
211661	1
221212	1
217656	1
221266	1
208209	1
208723	1
211509	1
218019	1
220622	0
209061	1
215310	1
221613	1
208632	1
213633	1
211630	1
214886	0
220851	1
208544	1
221587	1
218462	1
211898	1
208592	1
221533	1
218149	1
214139	0
221190	1
213947	1
208193	1
212092	1
208822	1
208545	1
220748	1
214033	1
221251	1
211810	1
212017	1
216001	0
211754	1
209020	1
211622	1
211604	0
214830	0
214371	1
211609	1
216519	1
211589	1
221182	1
208938	1
221175	1
211792	1
219225	1
211723	1
221561	1
211506	0
212985	1
221345	1
221122	1
218281	1
221449	1
208201	1
218118	1
209063	1
208791	1
213876	1
211733	1
211864	1
208564	1
221108	1
216214	1
208702	1
219913	1
213639	1
211963	1
216455	1
217990	1
212242	1
209002	1
221138	1
215387	1
214408	1
212411	1
208829	1
208797	1
212019	1
208996	1
211756	1
214912	1
209231	1
211655	1
208922	1
221455	1
208205	1
208695	1
211717	1
208937	1
211714	1
211987	1
208830	1
209177	1
208875	1
209539	1
215008	1
209131	1
211507	1
221045	1
211816	1
211646	1
221499	1
214361	1
220414	1
208581	1
208933	1
208611	1
208610	1
219356	1
208708	1
218036	1
208214	1
212040	1
209398	1
208575	1
221548	0
211434	1
211859	1
211982	1
220989	1
216167	1
220692	1
211692	1
209314	1
218054	1
214717	1
212052	1
211989	0
213617	1
221372	1
221527	1
211558	1
211990	1
219937	0
211735	1
214309	1
211436	1
219967	1
211645	1
211794	1
219599	1
219934	1
209238	1
216753	0
208743	1
209443	1
220417	1
219801	1
211539	1
208744	1
208680	1
221088	1
211893	1
208189	1
208726	1
211745	1
211939	1
211620	1
212409	1
208782	1
212078	1
208701	1
208615	1
211971	1
214138	1
221382	1
211969	1
220070	1
211895	1
208900	1
220431	1
211998	1
220090	1
211996	1
214329	1
211471	1
209357	1
221564	1
211860	1
218026	1
214832	1
209336	1
211762	1
215326	1
214225	1
211842	1
212101	1
208799	1
208200	1
216761	0
211417	1
211469	1
211793	1
219384	0
211806	1
219601	1
211836	1
211668	1
219636	1
218184	1
209133	1
208725	1
209387	1
208188	1
216442	1
208849	1
208212	1
208902	1
209134	0
215385	1
221062	1
209022	1
215903	0
211817	1
211694	1
208594	1
208574	1
219406	1
211580	1
211528	1
208606	1
212002	1
221222	1
211575	1
211983	1
211846	1
208556	1
216215	0
211576	1
220664	1
208767	1
218176	0
209182	1
211885	1
214831	1
214032	0
211902	1
211765	1
221036	1
212407	1
211938	1
208789	1
211633	1
221049	1
211918	1
211940	1
211711	1
211658	1
212054	1
211564	1
211474	1
209021	1
212399	1
219446	1
211761	1
211591	1
208732	0
221447	1
215928	1
212085	1
209232	1
217957	0
211606	1
208885	1
220614	1
208604	1
209444	1
211964	1
211795	1
208620	1
208908	1
208584	1
212427	1
219638	1
221035	1
209383	1
221101	1
220440	1
211738	1
221379	1
211952	1
211686	1
212026	1
219422	1
216232	0
208820	1
214362	1
211966	1
208924	1
214142	0
214031	0
219602	0
211431	1
213630	1
218355	0
211941	1
215741	1
209389	1
211980	1
212033	1
208576	1
211957	1
216191	1
211596	1
211999	1
219611	1
208676	1
208634	1
208698	1
209253	1
214230	1
220106	1
221194	1
208585	1
208929	1
208815	1
221178	1
209214	1
211704	1
219968	0
220992	1
218518	1
211931	1
216485	1
212402	1
209236	1
209393	1
211802	1
211637	1
219328	0
221094	1
208553	1
215592	0
215786	0
218004	0
219365	1
216206	0
208722	1
208190	1
208828	1
217959	1
218120	0
211789	1
212422	1
218037	1
219348	1
211643	1
209059	1
211587	1
208714	1
211888	1
211839	1
215656	1
215127	1
215761	0
211611	1
211852	1
214405	0
221228	1
211961	1
220832	0
208890	1
212058	1
211420	1
213622	1
213931	1
208848	1
208199	1
221294	1
211925	1
221180	1
211487	1
221547	1
208563	1
208944	1
212021	1
220146	0
220319	1
212006	1
209010	1
211986	1
213850	0
221612	1
221489	1
208770	1
217946	1
209315	1
218139	0
212415	1
212419	1
208896	1
220056	1
212420	1
208998	1
208947	1
211910	1
208666	1
213240	1
211782	1
208872	1
208798	1
218154	0
208882	1
211853	1
211415	1
214981	1
221148	1
211652	1
215744	1
217994	1
211800	1
212027	1
218175	1
209043	1
220254	0
221107	1
209027	1
209641	1
208593	1
220413	1
218783	1
211769	1
211956	1
208901	1
216168	1
208566	1
211858	1
208586	1
214851	0
211878	1
211727	1
208827	1
216144	1
218776	1
208682	1
211489	1
219569	1
215043	1
212410	1
208217	1
209019	1
219547	1
215336	1
218151	1
211461	1
220999	1
212244	1
211603	0
218698	1
220987	0
214429	0
221577	1
208719	1
219354	0
220881	1
211946	1
211739	0
211422	1
208921	1
219610	0
208674	1
221523	1
211916	1
221396	1
211555	1
211495	1
211749	1
211654	1
208777	1
214418	1
215376	0
220418	0
211685	0
211709	1
211618	1
208999	1
211906	1
216484	1
221288	1
217822	1
211628	1
211833	1
216450	1
217701	0
208826	1
212003	1
208906	1
208738	1
218534	0
214535	1
208207	1
218083	1
208930	1
209029	1
208812	1
219884	1
221253	1
208713	1
211666	1
214846	1
211917	1
208775	1
220003	0
211629	1
211608	1
219445	1
211721	1
211556	1
212072	1
216039	0
213643	1
211657	1
216135	1
208554	1
211470	1
208621	1
220844	0
221412	1
211757	1
209311	1
211484	1
220882	1
213608	1
219556	1
220105	1
219405	0
211740	1
209052	1
218773	0
209402	1
217981	1
211778	1
219400	1
217657	0
208868	1
211586	1
209001	1
212117	1
219227	1
211976	1
221604	1
211409	1
211808	0
211512	0
208898	0
221142	1
211501	1
217937	1
215342	1
211960	1
221314	1
220406	0
211698	1
211764	1
218532	1
215388	1
212104	1
216398	1
208571	1
211788	1
215962	1
221220	1
208959	1
208780	1
221528	1
221191	1
211803	1
211669	1
208712	0
211494	1
221553	1
216207	1
211597	1
208587	1
209409	1
208914	1
219803	1
211962	1
208565	1
219349	0
211710	1
219914	1
221524	1
208869	1
217753	1
208958	1
218177	1
216041	1
211573	1
221300	1
211486	1
208850	1
208865	1
209005	1
221383	1
218127	1
211915	1
211649	1
208729	1
211701	1
208825	1
208547	1
221269	1
216404	0
214082	1
208559	1
217767	1
208917	1
208741	1
215722	1
220656	1
219861	0
209397	1
220970	1
221563	1
211857	1
208876	1
208617	1
208956	1
211583	1
211519	1
212087	1
208851	1
208568	1
218001	0
216245	0
211731	1
209039	1
221086	1
216133	1
211540	1
208893	1
208618	1
209390	1
208867	1
221421	1
215796	0
208954	1
213631	1
211650	1
221451	1
208619	1
209135	1
211881	1
212093	1
211849	1
208733	1
214770	0
211732	1
211887	1
208892	1
208749	1
209373	1
213963	1
208807	1
220049	1
211706	1
211894	1
219248	1
209053	1
213765	1
211537	1
211856	1
220976	1
211919	1
211592	1
211832	1
211522	1
211914	1
219232	1
212050	1
211641	1
214222	1
208577	1
208590	1
209018	1
208582	1
218540	1
211542	1
211797	1
219410	1
221494	1
215082	1
208781	1
214403	1
211496	1
208931	1
208886	1
216190	1
211951	1
208877	1
212024	1
208783	1
216042	1
211854	1
215759	0
208960	1
208543	1
221422	1
221389	1
219352	1
208884	1
220262	1
211614	1
208957	1
211877	1
211866	1
220450	1
218080	1
211566	1
220982	1
209216	1
219622	1
211503	1
211627	1
209121	1
208746	1
208784	1
211688	1
212013	1
211814	1
208803	1
212008	1
209239	1
211861	1
221287	1
219698	0
211595	1
221092	1
211780	1
211747	1
211446	1
208626	1
211505	1
212417	1
216158	1
215024	0
211773	1
218178	1
209025	1
212089	1
208821	1
211411	1
219895	1
209411	1
221219	1
208707	1
211953	1
208721	1
211741	1
214421	0
208216	1
208570	1
214464	1
211790	1
214876	1
213979	1
211875	1
221172	1
218436	1
208936	1
218526	1
220672	1
214130	1
208716	1
211737	1
208955	1
211804	1
211928	1
213959	1
221498	1
211831	1
212414	1
221232	1
218185	0
221525	1
214328	1
208700	1
211590	1
211581	1
211837	1
211615	1
208923	1
221373	1
211572	1
211538	1
208569	1
208871	1
208539	1
221413	1
217958	0
216097	1
221513	1
211751	1
208717	1
221076	1
221238	1
215016	1
214735	1
215653	1
220463	0
221278	1
211533	1
208794	1
217871	1
221605	1
216397	1
208616	1
208709	1
209054	1
209046	1
209392	1
211682	1
211942	1
211485	1
211728	1
211825	1
214395	1
216170	1
208625	1
213774	1
208673	1
221147	1
221074	1
211947	1
214144	1
215893	1
221452	1
211671	1
221065	0
208675	1
208612	1
211812	1
212031	1
208537	1
208724	1
221594	1
208195	1
221461	1
212403	1
217956	0
217652	1
208669	1
212082	1
208742	1
215658	1
213379	1
211421	1
211771	1
214512	0
218468	1
208925	1
208790	1
208814	1
211530	1
209058	1
221000	1
214433	1
208907	1
208800	1
208541	1
221291	1
221542	1
209245	1
208773	1
221053	1
208891	1
220240	1
208589	1
211844	1
218082	0
216391	1
221123	1
208786	1
211678	1
211610	1
219351	1
216272	0
211908	1
211929	1
214525	1
211886	1
221552	1
209042	1
211935	1
221103	1
212968	1
221149	1
220966	1
208204	1
211783	1
211619	1
208810	1
208788	1
211551	1
209384	1
211763	1
212079	1
211455	1
211767	1
208614	1
213254	1
215990	1
221213	1
208691	1
211882	1
219886	1
208624	1
219418	1
208816	1
209078	1
211683	1
214388	1
211865	1
208887	1
213637	1
208870	1
208697	1
211527	1
220649	1
218126	1
216783	0
211642	1
218125	1
209615	1
216772	1
209049	1
208940	1
208909	1
213856	1
209146	1
208889	1
213858	1
220655	1
209047	1
211466	1
218211	1
218332	1
214922	0
211759	1
219798	1
221491	1
211410	1
211594	1
211868	1
216370	1
221543	1
211432	1
211511	1
221005	1
211413	1
211699	1
208793	1
208918	1
220526	1
211429	1
208210	1
211588	1
208677	1
215582	0
221529	1
217646	1
219641	0
209006	1
221273	1
211855	1
208681	1
218279	1
208792	1
221059	1
218123	1
208739	1
211876	1
211819	1
221223	0
211707	1
208894	1
221444	1
219885	1
219584	1
211984	1
221004	1
211948	1
211884	1
213616	1
211730	1
215898	1
211560	1
209356	1
220967	1
208946	1
211638	1
211462	1
211824	1
213966	1
221229	1
214541	0
219616	1
220385	1
216443	1
220173	1
213363	1
220145	1
208650	1
216227	1
211930	1
215132	1
216178	1
211605	1
209446	1
212077	1
211743	1
218777	1
211529	1
221570	1
208678	1
208818	1
221610	1
218298	1
216773	1
209448	1
214536	1
215081	1
220398	1
219713	1
217824	1
212090	1
211664	1
214809	1
208550	1
219255	1
211993	1
220885	1
218038	1
218278	1
220612	1
215983	1
211593	1
219377	1
208919	1
213933	1
209394	1
212011	1
212034	1
211978	1
213705	1
211514	1
221546	1
208599	1
211766	1
221050	1
214105	1
218775	1
212973	1
219474	1
213318	1
208560	1
209088	1
211958	1
219872	1
218137	1
211781	1
212099	1
211823	1
208704	1
214724	0
216036	1
211687	1
218034	1
209234	1
211988	1
221252	1
216747	1
