13087	1
12670	1
21809	1
1104	1
8586	1
9647	1
5976	1
6000	1
3983	1
8481	1
29062	1
31586	1
9854	1
7717	1
9763	1
11730	1
26553	1
28067	1
9918	1
13692	1
25559	1
29899	1
22787	1
7076	1
24362	1
25485	1
25893	1
25067	1
21634	1
19405	1
9712	1
10292	1
31471	1
549	1
22681	1
10143	1
12703	1
11732	1
4788	1
21814	1
4189	1
30718	1
7075	1
25788	1
9218	1
9199	1
23300	1
30633	1
16906	1
30421	1
3735	1
12579	1
19690	1
8596	1
10054	1
30320	1
29032	1
14006	1
28607	1
3374	1
9208	1
23349	1
21508	1
6314	1
26521	1
27484	1
9020	1
28798	1
16881	1
27114	1
28886	1
28062	1
21515	1
17904	1
24489	1
6891	1
886	1
29601	1
10326	1
10019	1
31618	1
280	1
23828	1
4067	1
17982	1
13691	1
20468	1
29855	1
11036	1
15558	1
4174	1
27952	1
23372	1
28361	1
11729	0
26513	1
19547	1
7650	1
26711	1
18734	1
25567	1
2891	1
10506	1
26556	1
24523	1
27820	1
29252	1
406	1
25958	1
26119	1
4169	1
25644	1
21991	1
21490	1
9638	1
26386	1
14553	1
13582	1
6974	1
25890	1
25897	1
19070	1
28242	1
22828	1
28873	1
14898	1
4175	1
7859	1
8040	1
21970	1
25239	1
21509	1
29822	1
26316	1
26786	1
23970	1
2382	1
2892	1
26750	1
22806	1
12212	1
10402	1
4692	1
8590	1
30419	1
10404	1
21640	1
25892	0
10188	1
25725	1
29341	1
22966	1
12171	1
21992	1
14820	1
28320	1
9018	1
26385	1
21926	1
5996	1
7671	1
28073	1
12816	1
28849	1
4155	1
10652	1
31468	1
10403	1
7307	1
25575	1
10291	1
30405	1
5149	1
12096	1
25909	1
31098	1
25296	1
8378	1
18971	1
29457	1
6389	1
9014	1
12094	1
27908	1
25948	1
31011	1
21815	1
30807	1
20117	1
30686	1
11095	1
10393	1
30420	1
4159	1
14858	1
17604	1
11076	1
26837	1
31282	1
30717	1
6820	1
20800	1
18075	1
25626	1
30920	1
31325	1
28625	1
27520	1
18494	1
27680	1
23820	1
21649	1
29180	1
17902	1
31095	1
6921	1
23004	1
9015	1
27294	1
3650	1
29589	1
30974	1
25248	1
23517	1
29468	1
24875	1
30845	1
17903	1
26200	1
3938	1
8384	1
4161	1
29585	1
30221	1
11195	1
28294	1
27468	1
29733	1
23862	1
26574	1
25238	1
132	1
25356	1
9087	1
31588	1
3795	1
23184	1
10320	1
30992	1
29790	1
27827	1
9210	1
11392	1
9646	1
28270	1
14542	1
17897	1
21502	1
4183	1
6082	1
22909	1
15992	1
17547	1
14950	1
21488	1
9116	1
23831	1
5794	1
21235	1
10058	1
22830	1
14274	1
15928	1
30086	1
19402	1
2877	1
11203	1
21667	1
29745	1
14634	1
17955	1
10198	1
21514	1
21708	1
27913	1
6408	1
13583	1
12021	1
3476	1
22659	1
21674	1
14740	1
1216	1
28872	1
17004	0
1222	1
21869	1
7079	1
5186	1
17543	1
25936	1
14194	1
9198	1
17956	1
6397	1
9640	1
15885	1
14115	1
22534	1
4610	1
31232	1
27950	1
11079	1
11226	1
18776	1
24094	1
6540	1
28215	1
17984	1
22786	1
12578	1
31333	1
25514	1
29120	1
4452	1
28885	1
10056	1
31307	1
22846	1
9708	1
18344	1
21489	1
8745	1
27865	1
30874	1
4177	1
14537	1
23827	1
29972	1
23124	1
24660	1
28351	1
8298	1
30236	1
7367	1
8589	1
31225	1
25590	1
30978	1
30905	1
12698	1
5068	1
11173	1
21484	1
1731	1
21798	1
9211	1
21647	1
25094	1
25503	1
22028	1
25188	1
24346	1
31398	1
13536	1
15840	1
25634	1
21503	1
26738	1
25199	1
9645	1
8592	1
30833	1
24399	1
25624	1
7078	1
25484	1
8128	1
19693	1
13026	1
29459	1
30814	1
412	1
6535	1
31587	1
4025	1
10432	1
25093	1
31026	1
26479	1
9762	1
17985	1
5999	1
10654	1
7863	1
29721	1
25904	1
14048	1
25013	1
31223	1
17422	1
5070	1
14222	1
30278	1
11337	1
8240	1
9644	1
28164	1
12120	1
16869	1
4171	1
30079	1
8598	1
4301	1
28926	1
8244	1
916	1
9751	1
14635	1
21966	1
4668	1
9270	1
8979	1
25950	1
25629	1
17416	1
5008	1
25938	1
8388	1
22709	1
24379	1
9216	1
3083	1
17549	1
29031	1
8382	1
25767	1
23582	1
4428	1
28071	1
14856	1
19161	1
28201	1
28710	1
917	1
12877	1
10216	1
31082	1
8119	1
5349	1
12607	1
12472	1
12699	1
11902	1
2901	1
29602	1
6536	1
28447	1
7341	1
31269	1
11196	1
30102	1
7550	1
12875	1
9017	1
31383	1
9117	1
24083	1
4324	1
11077	1
11728	1
29888	1
6409	1
29331	1
30162	1
6115	1
16341	1
7718	1
24536	1
21650	1
437	1
21969	1
29886	1
24359	1
16037	1
13355	1
26237	1
25796	1
2878	1
28790	1
2895	1
22536	1
7563	1
30166	1
21495	1
9022	1
28354	1
15927	1
25573	1
26551	1
11078	1
8393	1
29098	1
8595	1
24146	1
27936	1
8386	1
28389	1
17896	1
10431	1
6113	1
405	1
21651	1
22750	1
21105	1
26664	1
2961	1
14632	1
7637	1
28098	1
28964	1
21666	1
25113	1
5499	1
25735	1
25190	1
14544	1
5148	1
2728	1
10185	1
30688	1
2538	1
11381	1
21797	1
5853	1
5195	1
7308	1
30154	1
11192	1
6542	1
21646	1
21975	1
10066	1
25848	1
9016	1
28028	1
25515	1
9752	1
17098	1
6021	1
29634	1
10205	1
9217	1
9749	1
9021	1
17204	1
30827	1
3982	1
30716	1
14545	1
28705	1
6946	1
8373	1
24669	1
16800	1
21833	1
22910	1
21968	1
21892	1
11157	1
18651	1
14633	1
22844	1
6315	1
24680	1
11088	1
3081	1
18256	1
15779	1
21739	1
8889	1
21648	1
4151	1
23105	1
433	1
18358	1
14003	1
12166	1
30875	1
30643	1
25949	1
6541	1
23661	1
13175	1
9956	1
30173	1
7366	1
6537	1
31264	1
6525	1
21412	1
11644	1
5500	1
17544	1
21738	1
12704	1
411	1
4186	1
30393	1
10293	1
23100	1
11362	1
9986	1
22781	1
8996	1
12018	1
7344	1
14631	1
21811	1
14723	1
22704	1
3725	1
31075	1
9798	1
10321	1
26804	1
21506	1
4412	1
6789	1
9761	1
10650	1
29849	1
28318	1
4791	1
30903	1
28993	1
17139	1
26730	1
11726	0
28836	1
21594	1
16450	1
7693	1
18076	1
28474	1
27156	1
21491	1
10053	1
26171	1
11731	1
5041	1
19133	1
31259	1
31284	1
18832	1
10547	1
21745	1
4153	1
17269	1
14850	1
28170	1
25622	1
26245	1
25452	1
24364	1
17415	1
4173	1
25328	1
10453	1
20346	1
6556	1
16207	1
6005	1
31179	1
29592	1
30226	1
6580	1
4163	1
5639	1
17005	1
19562	1
4185	1
31034	1
425	1
8597	1
21633	1
12755	1
31347	1
21007	1
21765	1
17295	1
27469	1
22908	1
30776	1
25095	1
17983	1
4790	1
6555	1
1374	1
18973	1
8927	1
21669	1
22535	1
21496	1
5150	1
30347	1
9084	1
16903	1
26396	1
15559	1
28712	1
14228	1
4026	1
23223	1
21785	1
24053	1
19019	1
21543	1
8999	1
8026	1
31312	1
26499	1
5382	1
874	1
4182	1
30806	1
6395	1
28608	1
28025	1
21722	1
28352	1
21817	1
12815	1
25388	1
24997	1
28052	1
4157	1
21494	1
25828	1
21803	1
21744	1
4168	1
28874	1
942	1
12546	1
16922	1
21104	1
1310	1
5318	1
11082	1
31283	1
1136	1
17320	1
26836	1
11193	1
28053	1
8137	1
27829	1
21754	1
24377	1
15991	1
6176	1
16915	1
1392	1
28271	1
29591	0
10289	1
12545	1
9746	1
25631	1
26502	1
7513	1
25012	1
27854	1
29798	1
9272	1
1393	1
18693	1
8391	1
4152	1
25845	1
26126	1
22661	1
25092	1
14922	1
6307	1
2174	1
29332	1
24189	1
3897	1
4471	1
30416	1
7708	1
340	1
9865	1
29380	1
15693	1
29710	1
24438	1
24345	1
28086	1
21382	1
19071	1
29788	1
8396	1
21778	1
18342	1
21784	1
5795	1
7338	1
30364	1
27472	1
5511	1
11725	1
11733	1
30892	1
1102	1
10401	1
21802	1
5287	1
13081	1
12218	1
11727	1
10556	1
11279	1
17099	1
2492	1
28776	1
4188	1
19134	1
10702	1
1378	1
11769	1
25807	1
23821	1
8387	1
29635	1
9122	1
4958	1
8997	1
28391	1
28104	1
5196	1
21810	1
14541	1
27364	1
9019	1
26395	1
29656	1
26108	1
8928	1
26798	1
887	1
31123	1
4176	1
14722	1
7217	1
21473	1
21980	1
8339	1
30666	1
12093	1
23824	1
21599	1
9121	1
26400	1
28888	1
23188	1
1394	1
26760	1
17423	1
30168	1
28794	1
21673	1
28319	1
9205	1
8480	1
24522	1
25633	1
30217	1
2386	1
13285	1
10555	1
31053	1
12213	1
7040	1
9748	1
9500	1
12217	1
4178	1
24138	1
26799	1
9207	1
24055	1
12019	1
30403	1
13869	1
31387	1
16336	1
24701	1
9760	1
12165	1
31360	1
30738	1
5	1
13537	1
4302	1
14899	1
7709	1
21145	1
3082	1
14085	1
24187	1
25959	1
5370	1
25574	1
9637	1
12095	1
4184	1
7657	1
26399	1
26319	1
21668	1
15088	1
9756	1
17427	1
29662	1
28465	1
15980	1
4181	1
30391	1
10243	1
424	0
24188	1
26120	1
8397	1
25058	1
9023	1
27713	1
9707	1
28812	1
25627	1
4419	1
22743	1
7862	1
11240	1
11363	1
17907	1
24827	1
17988	1
17203	1
6933	1
4165	1
8138	1
30354	1
13858	1
26542	1
884	0
30042	1
26146	1
25668	1
29369	1
10065	1
9747	1
30213	1
25670	1
413	1
21507	1
404	1
30966	1
29852	1
2898	1
29534	1
27479	1
5501	1
24520	1
9642	1
30225	1
23782	1
30680	1
23089	1
27951	1
25789	1
13184	1
30414	1
7306	1
23830	1
23900	1
26805	1
30024	1
22760	1
25039	1
25964	1
17546	1
4179	1
17908	1
9643	1
4045	1
20347	1
11172	1
28171	1
370	1
31365	1
8372	1
13688	1
30864	1
6090	1
17341	1
21493	0
30877	1
17342	1
30944	1
30819	1
13287	1
16308	1
22827	1
31072	1
21093	1
21504	1
21973	1
21131	1
23361	1
28415	1
26475	1
17901	1
26535	1
24358	1
30904	1
8594	1
29346	1
5829	1
21752	1
30911	1
22600	1
2752	1
6117	1
14659	1
13289	1
4160	1
18018	1
8130	1
30259	1
24564	1
24425	1
14546	1
31399	1
25341	1
11210	1
9213	1
26803	1
21516	1
8381	1
30866	1
1512	1
4902	1
24428	1
30891	1
26702	1
28124	1
29897	1
12017	1
21641	1
21657	1
26394	1
29593	1
7912	1
31103	1
19486	1
14645	1
29328	1
26118	1
17140	1
25357	1
28392	1
27852	1
4156	1
19072	1
14539	1
23971	1
30105	1
30392	1
21418	1
22	1
8243	1
21813	1
30950	1
7160	1
30247	1
29018	1
14540	1
29487	1
5498	1
29915	1
10411	1
24768	1
12043	1
3484	1
14948	0
8385	1
4162	1
11340	1
21976	1
30857	1
13644	1
21967	1
9202	1
12705	1
15778	1
14855	1
29720	1
18732	1
26630	1
2744	1
25313	1
2220	1
2678	1
4172	1
31490	1
10566	1
4789	1
10290	1
31620	1
21881	1
25655	1
25145	1
9212	1
9916	1
31311	1
8392	1
29821	1
2489	1
527	1
9501	1
27720	1
7858	1
10331	1
4166	1
8980	1
6313	1
21816	1
10335	1
31033	1
24360	1
1508	1
8469	1
28971	1
30031	1
25018	1
30346	1
30269	1
8383	1
25625	1
25691	1
25197	1
15087	1
4203	1
30795	1
2442	1
25187	1
6924	1
21006	0
25630	1
8437	1
30902	1
31027	1
26149	1
12235	1
25504	1
2428	1
7549	1
12909	1
27598	1
17321	1
9206	1
19986	1
24409	1
17309	1
16451	1
13082	1
26697	1
25016	1
15990	1
23387	1
10658	1
7927	1
21818	1
30169	1
31433	1
27473	1
25063	1
3956	1
19692	1
4180	1
27868	1
8377	1
27884	1
14857	1
28364	1
29042	1
14949	1
16383	1
14630	1
6524	1
19756	1
11382	1
9917	1
11081	1
18972	1
3800	1
28453	1
25217	1
25695	1
18059	1
30638	1
11519	1
5007	1
7080	1
4230	1
10327	1
12651	1
9101	1
915	0
28032	1
26609	1
1053	1
25017	1
7735	1
23969	1
12876	1
28218	1
30360	1
9836	1
30066	1
28928	1
4027	1
2879	1
1308	1
25254	1
9709	1
25530	1
2515	1
28113	1
22829	1
9118	1
8267	1
4164	1
6914	1
28421	1
29820	1
8266	1
10546	1
9209	1
30699	1
21658	1
8390	1
13185	1
25894	1
6006	1
9259	1
14543	1
26136	1
17268	1
4170	1
25760	1
18861	1
17201	1
14538	1
8593	1
22705	1
22788	1
30994	1
28793	1
23823	1
4167	1
30896	1
14552	1
26496	1
26787	1
1499	1
2216	1
6557	1
5874	1
8380	1
8389	1
13870	1
25804	1
9119	1
31422	1
6116	1
10655	1
24169	1
17202	1
21435	1
25465	1
27871	1
10653	1
19729	1
5034	1
2429	1
6554	1
31184	1
24739	1
30227	1
16799	1
29789	1
13689	1
18598	1
31378	1
25900	1
27876	1
24426	1
9641	1
10057	1
28342	1
27149	1
21974	1
1312	1
30246	1
10120	1
414	1
8299	1
8268	1
25632	1
24774	1
17987	1
8591	1
8436	1
21008	1
15089	1
9214	1
25433	1
5851	1
9855	1
30160	1
12547	1
16307	1
16748	1
12044	1
28674	1
26788	1
3862	1
9856	1
25204	1
21979	1
21965	1
27091	1
30970	1
885	1
23358	1
1313	1
26157	1
10055	1
30426	1
18343	1
24382	1
3955	1
30361	1
4158	1
25806	1
18733	1
31356	1
9201	1
31121	1
17905	1
27938	1
28035	1
8155	1
15702	1
26151	1
5676	1
27937	1
30818	1
17906	1
9757	1
2161	1
26752	1
26401	1
2828	1
11080	1
12605	1
12236	1
20116	1
3672	1
4418	1
15780	1
968	1
